00000
00000
10110
01001
01001
10010
10010

00000
00000
10001
10001
10001
10011
01101

00000
00000
10001
10001
01010
01010
00100

00000
00000
10001
10001
10101
10101
01010

00000
01000
01100
01110
01100
01000
00000

00100
01110
11111
01110
01110
00000
00000

00000
00000
01110
01110
11111
01110
00100

00010
00101
00100
00100
00100
10100
01000

00000
10001
01010
00100
01010
10001
00000

00000
00000
00000
01110
01010
01110
00000

00000
00000
00000
00100
01110
00100
00000

00000
00000
00000
00000
00100
00000
00000

00000
00000
00000
11100
01000
01000
01000

01100
00010
01100
00010
01100
00000
00000

11111
11000
11000
11110
11000
11000
11000

00111
00100
00100
00100
10100
01100
00100

00011
00001
11001
00001
00001
00000
00000

01100
00010
00100
01000
01110
00000
00000

00000
00000
00001
00010
00100
01000
11111

01100
10010
10010
01100
00000
00000
00000

10110
11000
10000
10000
00000
00000
00000

01110
00100
00100
00100
00100
00000
00000

00001
00110
11000
00110
00001
00000
11111

=-=-=-=-
Hex 18